-0.02826361685148071
-0.8722447907970912
0.17894040308485648
-0.3116097891078653
-0.07776183793354963
-0.6173735691669935
0.4621441952778176
-0.8034921927900969
0.17829875989184885
0.5355732506460487
-0.76106610957746
-0.8571815468507722
0.993367450288628
-0.6245091482564187
-0.042062803186604825
0.6857983477268847
-0.16933236821372244
0.04043606875925998
0.6743427884030644
0.3138783128597593
-0.5903830754821728
0.3711977307658554
-0.02910079590797965
0.5986444895904892
-0.42829046939898396
-0.6697166503421546
-0.26949911268737226
-0.8873214559082687
0.8000900802806505
-0.7153689246756236
0.5999991862586938
0.5854994048972801
0.7106812657487382
-0.8767037839278708
-0.9952345365775619
