-0.9979794976938723
-0.5315993251546116
0.17894040308485648
-0.5291507593194125
0.330326528609028
-0.6173735691669935
0.4621441952778176
-0.8034921927900969
-0.3554309645317406
0.5355732506460487
-0.76106610957746
-0.8571815468507722
0.993367450288628
-0.977438231085715
-0.4263396988225112
0.6857983477268847
-0.16933236821372244
-0.6589946967282501
0.6743427884030644
0.3138783128597593
-0.5903830754821728
0.3711977307658554
0.1967907778895046
-0.9581878288353485
-0.42829046939898396
-0.05046941918896919
-0.26949911268737226
-0.8873214559082687
0.8000900802806505
0.8391595963056115
0.5488740204869751
-0.37488875853070214
0.7181535332866764
0.7918788658922238
-0.6479811088223488
