-0.02826361685148071
-0.8722447907970912
0.17894040308485648
-0.5291507593194125
-0.07776183793354963
-0.6173735691669935
0.4621441952778176
-0.8034921927900969
0.17829875989184885
0.5355732506460487
-0.76106610957746
-0.8571815468507722
0.993367450288628
-0.6245091482564187
-0.4263396988225112
0.6857983477268847
-0.16933236821372244
-0.6589946967282501
0.6743427884030644
0.3138783128597593
-0.5903830754821728
0.3711977307658554
-0.02910079590797965
-0.9581878288353485
-0.42829046939898396
-0.05046941918896919
-0.26949911268737226
-0.8873214559082687
0.8000900802806505
-0.9942008434086151
0.6911504167470537
0.5854994048972801
0.5901973065863677
-0.8767037839278708
-0.9952345365775619
