-0.030614422133468322
0.1510120016131793
-0.16386362594261716
0.4960019908101927
0.8483694459041267
-0.12140440294557941
-0.9469857701521798
-0.8210418531362864
0.42108493087657806
0.3932740153418308
0.3173183592058362
0.5706953417347742
0.06579131200723198
0.29590438581092937
-0.8041843222073466
-0.014702225791386914
-0.46141776961152114
0.4905196720515972
0.6353260098981126
0.8194301907063102
0.8787213707801915
-0.47483698464335644
-0.7902764342525719
0.14579275749188447
-0.2182574523945764
0.11803331129259842
-0.22622482965913093
0.14541016802408935
-0.7302696107862539
0.24381166817049205
0.6911504167470537
0.5854994048972801
0.7106812657487382
-0.8767037839278708
-0.9952345365775619
